public class TSmodel {

	double[][] a;
	double[][] b;
	double[][] g;
	double[][] h;
	double[][][] P;

	double mu;
	double std;
	double[] sigma;
	
	//CONSTRUCTOR
	public TSmodel() {
		//1:(SIGMA*SIGMA)
		a = new double[][] {{1.2459, 0.4140},
							{0.8229, 1.0407},
							{0.5744, 2.6061},
							{2.1260, 0.9575},
							{0.9914, 0.5358}};
		//MEAN					
		b = new double[][] {{0.0382, -0.0229},
							{-0.4287, -0.3855},
							{-0.0065, 0.7081},
							{0.7455, 0.4190},
							{0.2164, -0.3254}};
		//LINEAR MODELS PARAMETERS					
		g = new double[][] {{-0.0466, 0.4842, -0.0179},
							{-0.0562, 0.4044, -0.0031},
							{0.1970, 0.2569, -0.3562},
							{-0.1258, 0.7206, -0.0211},
							{-0.0432, 0.4960, -0.0217}};
		//INTERVAL RELATED					
		P = new double[][][] {{	{0.0364, 0.0152, -0.0038}, 
								{0.0152, 0.1571, 0.0008},
								{-0.0038, 0.0008, 0.0088}},
									{	{0.0604, 0.0138, 0.0600},
										{0.0138, 0.0215, 0.0141},
										{0.0600, 0.0141, 0.1781}},
											{	{0.3234, -0.0438, -0.4371},
												{-0.0438, 0.0200, 0.0768},
												{-0.4371, 0.0768, 0.9007}},
													{	{0.8343, -0.9974, -0.0918},
														{-0.9974, 1.6067, 0.0212},
														{-0.0918, 0.0212, 0.4902}},
															{	{0.0379, -0.0087, 0.0043},
																{-0.0087, 0.0270, -0.0063},
																{0.0043, -0.0063, 0.0239}}};
																
		h = new double[][] {{0.28427, 0.2109, 0.15637, 0.082477, 0.26599}, {0.42692, 0.17216, 2.2632e-13, 0.000204, 0.40072}, {0.2943, 0.40357, 0.0018095, 0.0044832, 0.29583}, {0.24292, 0.1116, 0.26237, 0.15693, 0.22618}, {0.31621, 0.36007, 0.00084657, 0.013299, 0.30957}, {0.28055, 0.20477, 0.15413, 0.095764, 0.26478}, {0.3099, 0.32713, 0.047516, 0.02105, 0.2944}, {0.25088, 0.11266, 0.26561, 0.14184, 0.22901}, {0.3064, 0.27929, 0.0022563, 0.098157, 0.3139}, {0.2711, 0.18898, 0.27453, 0.025826, 0.23957}, {0.27481, 0.12667, 0.28215, 0.078935, 0.23744}, {0.31724, 0.30882, 0.013152, 0.052794, 0.30799}, {0.25698, 0.20101, 0.07104, 0.19902, 0.27195}, {0.78587, 4.4911e-05, 1.2792e-17, 0.0043305, 0.20975}, {0.34927, 0.070095, 0.10304, 0.18885, 0.28874}, {0.14577, 0.52905, 0.11982, 1.3166e-05, 0.20535}, {0.31625, 0.34351, 0.011718, 0.023606, 0.30492}, {0.30281, 0.37713, 0.014906, 0.0092652, 0.29589}, {0.28951, 0.25405, 0.00073617, 0.13956, 0.31614}, {0.17903, 0.22436, 0.011038, 0.23894, 0.34663}, {0.2386, 0.22164, 0.00078053, 0.22365, 0.31534}, {0.27673, 0.38877, 0.054392, 0.0033655, 0.27675}, {0.30005, 0.25992, 0.03647, 0.10672, 0.29684}, {0.16068, 0.19833, 0.073826, 0.2409, 0.32627}, {0.26744, 0.23583, 0.0084308, 0.19102, 0.29728}, {0.30828, 0.35673, 0.02369, 0.014041, 0.29726}, {0.23108, 0.21887, 9.3534e-05, 0.2018, 0.34815}, {0.3176, 0.3533, 0.0016413, 0.017745, 0.30971}, {0.33106, 0.32892, 6.4952e-05, 0.016703, 0.32325}, {0.67767, 0.00069235, 1.0534e-37, 2.3698e-05, 0.32162}, {0.2189, 0.1443, 0.1686, 0.23222, 0.23597}, {0.31362, 0.31877, 0.040546, 0.029014, 0.29805}, {0.31594, 0.30235, 0.0063108, 0.064132, 0.31126}, {0.30568, 0.29572, 0.085004, 0.027064, 0.28653}, {0.085322, 0.072912, 0.51898, 0.053372, 0.26941}, {0.34393, 0.30832, 6.2533e-06, 0.013709, 0.33403}, {0.30176, 0.3908, 0.00071231, 0.0054265, 0.3013}, {0.31045, 0.037374, 0.022488, 0.31726, 0.31242}, {0.22959, 0.12331, 0.2414, 0.18058, 0.22512}, {0.21736, 0.22309, 6.2492e-05, 0.18569, 0.3738}, {0.25309, 0.43848, 0.038986, 0.0010935, 0.26836}, {0.28602, 0.24155, 0.03541, 0.14499, 0.29203}, {0.31685, 0.12633, 0.26561, 0.033918, 0.25729}, {0.22436, 0.5104, 0.00092776, 0.00019361, 0.26411}, {0.31554, 0.35046, 0.0082471, 0.02049, 0.30526}, {0.30598, 0.37993, 0.0040061, 0.0093706, 0.30071}, {0.36798, 0.11155, 0.19295, 0.040233, 0.2873}, {0.23831, 0.14726, 0.2004, 0.17693, 0.2371}, {0.31889, 0.34025, 0.0045512, 0.026913, 0.3094}, {0.22562, 0.13319, 0.21374, 0.19841, 0.22904}, {0.1849, 0.12592, 0.18129, 0.28163, 0.22625}, {0.0027194, 0.53321, 0.00016975, 7.621e-09, 0.4639}, {0.44782, 0.13975, 4.8617e-12, 0.0089377, 0.40349}, {0.53883, 0.027802, 1.9021e-24, 2.9844e-06, 0.43336}, {0.17531, 0.12631, 0.17776, 0.29154, 0.22908}, {0.27998, 0.2088, 0.22278, 0.036191, 0.25225}, {0.24899, 0.22115, 0.010046, 0.22778, 0.29203}, {0.21936, 0.11485, 0.24294, 0.20243, 0.22042}, {0.31407, 0.1161, 0.2527, 0.059948, 0.25719}, {0.28902, 0.22352, 0.12379, 0.089596, 0.27408}, {0.25981, 0.18741, 0.12552, 0.16612, 0.26115}, {0.20644, 0.35578, 0.21382, 0.00040212, 0.22356}, {0.075663, 0.71553, 0.048418, 1.1185e-07, 0.16039}, {0.31156, 0.34804, 0.023288, 0.017804, 0.29931}, {0.34285, 0.31771, 1.3304e-06, 0.0053497, 0.33409}, {0.33697, 0.24312, 3.0944e-06, 0.069035, 0.35087}, {0.29836, 0.39222, 0.0074053, 0.0066906, 0.29532}, {0.02077, 0.25331, 0.66692, 9.678e-10, 0.059004}, {0.30305, 0.27346, 0.012451, 0.1057, 0.30535}, {0.32526, 0.26927, 4.5501e-05, 0.071115, 0.33431}, {0.44474, 0.14726, 7.8381e-12, 0.0077791, 0.40022}, {0.2068, 0.087718, 0.24865, 0.2425, 0.21433}, {0.27935, 0.19782, 0.18964, 0.075369, 0.25782}, {0.214, 0.20786, 0.0076958, 0.27233, 0.29811}, {0.20634, 0.46551, 0.087388, 0.0001929, 0.24057}, {0.094521, 0.52985, 0.21305, 9.4506e-07, 0.16258}, {0.3455, 0.1401, 0.22893, 0.0059704, 0.27949}, {0.27802, 0.24996, 0.20229, 0.015052, 0.25467}, {0.28945, 0.28371, 0.14219, 0.015296, 0.26936}, {0.00050728, 0.077441, 0.85986, 1.1362e-08, 0.062189}, {0.17099, 0.58365, 0.013786, 2.7342e-05, 0.23155}, {0.31837, 0.28906, 0.00047415, 0.070093, 0.32201}, {0.046496, 0.7481, 0.078288, 6.5251e-09, 0.12712}, {0.35774, 0.10848, 0.19871, 0.053062, 0.282}, {0.31537, 0.34923, 0.0098911, 0.02082, 0.30469}, {0.49348, 0.05778, 0.023331, 0.080367, 0.34504}, {0.31073, 0.28865, 0.0042039, 0.084252, 0.31217}, {0.32035, 0.34744, 0.00082755, 0.018666, 0.31272}, {0.23601, 0.12395, 0.24875, 0.16481, 0.22648}, {0.22962, 0.36762, 0.16106, 0.00082324, 0.24088}, {0.30847, 0.23701, 1.4371e-05, 0.11207, 0.34245}, {0.46435, 0.020583, 0.0009491, 0.18457, 0.32955}, {0.30919, 0.36525, 0.012206, 0.013277, 0.30008}, {0.11771, 0.10203, 0.35796, 0.18916, 0.23315}, {0.29147, 0.25424, 0.15939, 0.027076, 0.26783}, {0.34626, 0.14346, 3.189e-10, 0.072813, 0.43747}, {0.38116, 0.24605, 3.6133e-08, 0.010973, 0.36181}, {0.29787, 0.10783, 0.24813, 0.095604, 0.25057}, {0.3002, 0.39329, 0.001421, 0.0057685, 0.29932}, {0.26573, 0.16518, 0.23268, 0.092569, 0.24384}, {0.31216, 0.37153, 0.00025969, 0.0073555, 0.30869}, {0.28487, 0.23837, 0.040454, 0.14607, 0.29024}, {0.2355, 0.05322, 0.10544, 0.3245, 0.28134}, {0.4435, 0.082693, 0.079495, 0.066768, 0.32755}, {0.21701, 0.12249, 0.2261, 0.21134, 0.22305}, {0.33432, 0.25996, 1.0695e-05, 0.063164, 0.34255}, {0.24638, 0.22447, 0.0027403, 0.22392, 0.30249}, {0.2552, 0.22949, 0.0033114, 0.21047, 0.30153}, {0.16079, 0.12443, 0.19219, 0.28942, 0.23317}, {0.23691, 0.48968, 0.00026221, 0.00025083, 0.27289}, {0.18738, 0.14241, 0.1358, 0.2941, 0.2403}, {0.2963, 0.39994, 0.00027546, 0.0033027, 0.30018}, {0.27543, 0.31567, 0.13933, 0.0061606, 0.26341}, {0.31698, 0.3106, 0.021739, 0.045778, 0.3049}, {0.329, 0.2063, 3.0712e-07, 0.09346, 0.37124}, {0.041554, 0.74498, 0.093558, 3.5863e-09, 0.11991}, {0.31935, 0.32233, 0.0065113, 0.041379, 0.31043}, {0.23795, 0.43408, 0.070021, 0.00068245, 0.25727}, {0.19259, 0.065227, 0.20911, 0.29996, 0.23311}, {0.27771, 0.24081, 0.016652, 0.16933, 0.29549}, {0.1966, 0.089381, 0.25161, 0.25143, 0.21099}, {0.33421, 0.32587, 2.8086e-05, 0.013951, 0.32594}, {0.36151, 0.28641, 4.0088e-08, 0.0027297, 0.34935}, {0.28682, 0.14618, 0.30848, 0.01877, 0.23975}, {0.28867, 0.22155, 0.13509, 0.082905, 0.27179}, {0.39946, 0.07183, 0.080596, 0.13802, 0.3101}, {0.27655, 0.33364, 0.11717, 0.0053576, 0.26728}, {0.25298, 0.22012, 0.016436, 0.22192, 0.28855}, {0.46644, 0.070647, 0.048227, 0.077645, 0.33704}, {0.3085, 0.29331, 0.074987, 0.033328, 0.28988}, {0.26982, 0.43425, 0.014109, 0.0019161, 0.2799}, {0.28941, 0.3989, 0.018538, 0.0047945, 0.28836}, {0.26849, 0.099952, 0.24773, 0.1459, 0.23793}, {0.23993, 0.10352, 0.25839, 0.17315, 0.22501}, {0.27009, 0.4386, 0.0081731, 0.0018253, 0.28131}, {0.31437, 0.29876, 0.039048, 0.047767, 0.30006}, {0.31214, 0.35275, 0.016874, 0.017337, 0.30089}, {0.22993, 0.17407, 0.094132, 0.24483, 0.25703}, {0.26489, 0.23452, 0.0070444, 0.19566, 0.29789}, {0.26608, 0.18494, 0.15909, 0.13249, 0.25739}, {0.28678, 0.25334, 0.0102, 0.14813, 0.30154}, {0.23082, 0.21737, 0.0028376, 0.24515, 0.30382}, {0.31867, 0.34514, 0.0030619, 0.023367, 0.30976}, {0.34271, 0.28048, 1.0921e-05, 0.037393, 0.33941}, {0.019137, 0.00027538, 5.8918e-16, 3.7498e-10, 0.98059}, {0.24698, 0.20071, 0.050074, 0.22806, 0.27417}, {0.20391, 0.21678, 0.0027142, 0.25335, 0.32325}, {0.27841, 0.1483, 0.30488, 0.031843, 0.23658}, {0.28493, 0.2703, 0.16601, 0.015227, 0.26354}, {4.815e-05, 0.42518, 0.57099, 4.2454e-23, 0.0037779}, {0.27095, 0.19271, 0.14989, 0.12514, 0.26131}, {0.28831, 0.41367, 0.0018481, 0.0033835, 0.29279}, {0.31915, 0.34071, 0.0037279, 0.026441, 0.30997}, {0.20624, 0.50779, 0.039249, 0.00015177, 0.24657}, {0.33388, 0.314, 6.3343e-05, 0.025148, 0.3269}, {0.26652, 0.23417, 0.010037, 0.19344, 0.29583}, {0.24334, 0.19818, 0.050021, 0.23534, 0.27312}, {0.23891, 0.19975, 0.038982, 0.24671, 0.27566}, {0.30988, 0.37043, 0.0048068, 0.012221, 0.30266}, {5.3216e-10, 0.0026956, 0.99716, 1.3564e-27, 0.00014198}, {0.30867, 0.27528, 0.063922, 0.058905, 0.29322}, {0.19607, 0.46861, 0.10123, 0.00013173, 0.23395}, {0.31815, 0.31453, 0.011145, 0.047565, 0.30862}, {0.28213, 0.22239, 0.082215, 0.13379, 0.27947}, {0.19161, 0.15655, 0.099294, 0.29994, 0.25261}, {0.31318, 0.29086, 0.038491, 0.057269, 0.3002}, {0.46158, 0.079564, 1.2437e-14, 0.017802, 0.44106}, {0.23551, 0.21816, 7.0278e-05, 0.19772, 0.34854}, {0.27517, 0.23963, 0.014129, 0.17518, 0.29588}, {0.30284, 0.25969, 0.098799, 0.054585, 0.28409}, {8.4349e-07, 0.59043, 0.3526, 3.7446e-22, 0.056978}, {0.31889, 0.32412, 0.0094658, 0.038839, 0.30868}, {0.26866, 0.23909, 0.0017805, 0.18289, 0.30758}, {0.1894, 0.27323, 0.33821, 0.00037833, 0.19879}, {0.25431, 0.20612, 0.050273, 0.21285, 0.27645}, {0.2982, 0.12209, 0.27315, 0.058457, 0.2481}, {0.30005, 0.25992, 0.03647, 0.10672, 0.29684}, {0.24475, 0.20142, 0.044257, 0.23425, 0.27533}, {0.28414, 0.11371, 0.26585, 0.093518, 0.24279}, {0.0037293, 0.27607, 5.9089e-12, 6.7925e-10, 0.72021}, {0.26979, 0.25194, 0.21965, 0.010281, 0.24834}, {0.3167, 0.31612, 0.025718, 0.038229, 0.30323}, {0.33693, 0.32656, 2.5896e-07, 0.0018523, 0.33465}, {0.50522, 0.03251, 0.0036064, 0.11864, 0.34002}, {0.31002, 0.28669, 0.010668, 0.084623, 0.30799}, {0.23471, 0.15688, 0.16105, 0.2039, 0.24346}, {0.17042, 0.47679, 0.13573, 4.8187e-05, 0.21701}, {0.32249, 0.34447, 0.00040435, 0.017532, 0.31511}, {0.2922, 0.25106, 0.15815, 0.030146, 0.26845}, {0.3085, 0.27827, 0.072739, 0.049382, 0.29111}, {0.32833, 0.34015, 3.8237e-05, 0.010181, 0.3213}, {0.3195, 0.31284, 0.0029065, 0.050659, 0.31409}, {0.3262, 0.24937, 1.064e-05, 0.080905, 0.34351}, {0.66832, 0.0067479, 8.2339e-07, 0.0078519, 0.31708}, {0.24883, 0.47258, 0.00032401, 0.00043378, 0.27783}, {0.34486, 0.24799, 2.254e-06, 0.055592, 0.35156}, {0.31065, 0.2841, 0.024334, 0.077484, 0.30343}, {0.24143, 0.20548, 0.029805, 0.24355, 0.27974}, {0.18061, 0.24497, 0.0016461, 0.18562, 0.38715}, {0.26722, 0.44599, 0.00049838, 0.0010369, 0.28526}, {0.31307, 0.29311, 0.0034646, 0.077041, 0.31332}, {0.34439, 0.11879, 0.228, 0.035326, 0.27349}, {0.26949, 0.21896, 2.0464e-05, 0.16608, 0.34546}, {0.27944, 0.24482, 0.01201, 0.16544, 0.29829}, {0.32561, 0.29229, 0.00017676, 0.05548, 0.32643}, {0.29434, 0.39841, 1.3857e-05, 0.001231, 0.30601}, {0.32534, 0.33779, 0.00024379, 0.018709, 0.31791}, {0.289, 0.24997, 0.023073, 0.14113, 0.29683}, {0.25309, 0.43848, 0.038986, 0.0010935, 0.26836}, {0.29258, 0.24188, 0.06005, 0.11702, 0.28847}, {0.29872, 0.24686, 0.086236, 0.082899, 0.28528}, {0.32594, 0.24491, 7.8616e-06, 0.083518, 0.34562}, {0.25968, 0.26372, 0.22768, 0.0060081, 0.24292}, {0.31447, 0.34196, 0.019549, 0.022066, 0.30195}, {0.28084, 0.22324, 0.073631, 0.1415, 0.28078}, {0.24506, 0.2214, 0.00018544, 0.20418, 0.32917}, {0.27531, 0.24437, 0.0017791, 0.16988, 0.30866}, {0.34359, 0.28678, 1.1014e-05, 0.031506, 0.3381}, {0.26857, 0.16347, 0.25334, 0.073109, 0.24152}, {0.25099, 0.21007, 0.034176, 0.22429, 0.28048}, {0.31954, 0.33134, 0.0054547, 0.033551, 0.31011}, {0.28184, 0.25005, 0.0017814, 0.15645, 0.30987}, {0.29169, 0.26709, 0.15021, 0.021728, 0.26927}, {0.28583, 0.35467, 0.075686, 0.0060888, 0.27773}, {0.18111, 0.14421, 0.13009, 0.30008, 0.24451}, {0.26712, 0.1994, 0.10709, 0.15838, 0.26801}, {0.29024, 0.25877, 0.0022106, 0.13828, 0.3105}, {0.3018, 0.083982, 0.18238, 0.17195, 0.25989}, {0.023561, 0.23406, 0.67887, 1.3846e-09, 0.063509}, {0.34409, 0.10541, 1.6246e-12, 0.047379, 0.50312}, {0.264, 0.45173, 0.002007, 0.0011715, 0.28109}, {0.23143, 0.080205, 0.22261, 0.23859, 0.22716}, {0.26807, 0.23195, 0.00022461, 0.17716, 0.32259}, {0.269, 0.23805, 0.00092613, 0.18004, 0.31198}, {0.29716, 0.26697, 0.0072416, 0.12219, 0.30645}, {0.43734, 0.11871, 0.1045, 0.0056619, 0.33378}, {0.25464, 0.45675, 0.014838, 0.0010102, 0.27277}, {0.11899, 0.28471, 0.4423, 1.4258e-05, 0.15398}, {0.30887, 0.37547, 0.002124, 0.010039, 0.3035}, {0.32169, 0.30875, 0.00097868, 0.050247, 0.31834}, {0.24288, 0.12165, 0.25907, 0.14897, 0.22744}, {0.12382, 0.13985, 0.28098, 0.18219, 0.27317}, {0.23863, 0.48651, 0.0074994, 0.00047983, 0.26688}, {0.30624, 0.26709, 0.071153, 0.064536, 0.29098}, {0.31272, 0.2934, 0.0075085, 0.076249, 0.31013}, {0.22289, 0.11365, 0.24783, 0.19482, 0.22081}, {0.31318, 0.29086, 0.038491, 0.057269, 0.3002}, {0.25127, 0.16296, 0.1855, 0.15454, 0.24574}, {0.16386, 0.12113, 0.19637, 0.29026, 0.22839}, {0.30478, 0.27539, 0.014793, 0.10014, 0.3049}, {0.24355, 0.22773, 0.29917, 0.0043811, 0.22517}, {0.27494, 0.15531, 0.30933, 0.025667, 0.23474}, {0.236, 0.19912, 0.34634, 0.0032164, 0.21532}, {0.3011, 0.25261, 0.097351, 0.065069, 0.28387}, {0.2638, 0.36854, 0.10095, 0.0025581, 0.26415}, {0.12694, 0.12321, 0.29084, 0.20785, 0.25116}, {0.2982, 0.33365, 0.072119, 0.011797, 0.28423}, {0.3121, 0.36661, 0.0031827, 0.013291, 0.30481}, {0.19002, 0.24235, 0.00029819, 0.16886, 0.39847}, {0.56178, 0.035501, 0.0026179, 0.047, 0.3531}, {0.2905, 0.37861, 0.03962, 0.0058593, 0.28541}, {0.31065, 0.30658, 0.059799, 0.029697, 0.29327}, {0.24254, 0.40362, 0.097371, 0.00097339, 0.25549}, {0.20476, 0.20243, 0.39339, 0.00064048, 0.19878}, {0.20705, 0.080639, 0.23896, 0.25652, 0.21683}, {0.24854, 0.43953, 0.045619, 0.0009356, 0.26537}, {0.29808, 0.24555, 0.11793, 0.05973, 0.27871}, {0.94502, 1.6787e-09, 6.2938e-44, 5.1739e-07, 0.054984}, {0.29971, 0.25284, 0.061266, 0.095277, 0.2909}, {0.31499, 0.34608, 0.014035, 0.02146, 0.30343}, {0.23398, 0.48667, 0.015888, 0.00042965, 0.26303}, {0.27791, 0.24698, 0.0040222, 0.16665, 0.30444}, {0.27387, 0.4347, 0.0054873, 0.0020563, 0.28388}, {0.25064, 0.20336, 0.050159, 0.22055, 0.27529}, {0.70379, 0.0024129, 5.9437e-09, 0.0055694, 0.28823}, {0.20313, 0.53568, 0.012316, 0.00011343, 0.24876}, {0.30995, 0.28285, 0.064869, 0.049148, 0.29318}, {0.31707, 0.29795, 0.0015053, 0.066518, 0.31695}, {0.029037, 0.39703, 9.5283e-05, 0.00011354, 0.57373}, {0.25825, 0.17634, 0.33115, 0.0086509, 0.22561}, {0.25372, 0.24238, 0.26316, 0.0059107, 0.23483}, {0.28493, 0.2703, 0.16601, 0.015227, 0.26354}, {0.31865, 0.33961, 0.0055316, 0.027383, 0.30882}, {0.29813, 0.27287, 0.12536, 0.027213, 0.27643}, {0.2668, 0.18297, 0.17039, 0.12423, 0.25562}, {0.26789, 0.22161, 0.03951, 0.18674, 0.28425}, {0.32624, 0.32093, 0.00038896, 0.032351, 0.32009}, {0.31101, 0.28951, 0.007466, 0.082177, 0.30983}, {0.30958, 0.36901, 0.0070728, 0.012651, 0.30168}, {0.27802, 0.19534, 0.22792, 0.048213, 0.2505}, {0.90798, 8.2036e-08, 1.4108e-33, 2.1523e-05, 0.092002}, {0.30505, 0.26338, 0.070641, 0.070191, 0.29074}, {0.26171, 0.18285, 0.31324, 0.012692, 0.22952}, {0.26814, 0.21772, 0.25816, 0.014684, 0.2413}, {0.065438, 0.36808, 0.036737, 0.0061984, 0.52355}, {0.31403, 0.29454, 0.021152, 0.065191, 0.30509}, {0.21511, 0.20174, 0.014871, 0.27969, 0.28858}, {0.32334, 0.3033, 0.00048273, 0.051431, 0.32145}, {0.20249, 0.23514, 0.3608, 0.00075615, 0.20081}, {0.27144, 0.22481, 0.03967, 0.17861, 0.28547}, {0.19788, 0.14916, 0.12342, 0.28619, 0.24335}, {0.31703, 0.3063, 0.0063487, 0.05905, 0.31127}, {0.25796, 0.15976, 0.21799, 0.1215, 0.2428}, {0.40666, 0.13912, 0.12184, 0.0014823, 0.33089}, {0.28028, 0.22286, 0.21701, 0.026538, 0.25331}, {0.78891, 0.00011957, 2.8783e-16, 0.00019291, 0.21078}, {0.29504, 0.26463, 0.0059959, 0.12754, 0.30679}, {0.3044, 0.33519, 0.055492, 0.014917, 0.29}, {0.29292, 0.232, 0.11453, 0.083108, 0.27744}, {0.29682, 0.32824, 0.080869, 0.011854, 0.28222}, {0.2733, 0.17752, 0.25307, 0.052163, 0.24394}, {0.30281, 0.37713, 0.014906, 0.0092652, 0.29589}, {0.27445, 0.059022, 0.10865, 0.29212, 0.26576}, {0.28179, 0.20635, 0.20746, 0.048668, 0.25573}, {0.18232, 0.19818, 0.029519, 0.28286, 0.30712}, {0.26996, 0.1989, 0.27053, 0.020738, 0.23987}, {0.29038, 0.2704, 0.15145, 0.019366, 0.26841}, {0.0019738, 0.96108, 0.0054505, 1.5309e-16, 0.031496}, {0.24943, 0.21762, 0.016444, 0.22874, 0.28776}, {0.18115, 0.19547, 0.034102, 0.28471, 0.30457}, {0.28654, 0.40606, 0.015836, 0.0041006, 0.28747}, {0.29889, 0.25311, 0.054022, 0.10176, 0.29222}, {0.001089, 0.21389, 0.7729, 1.0403e-15, 0.012129}, {0.24965, 0.22633, 0.002728, 0.21869, 0.3026}, {0.2369, 0.49201, 0.0011216, 0.00033958, 0.26963}, {0.19839, 0.54868, 0.00063056, 5.8867e-05, 0.25223}, {0.31912, 0.27469, 0.000134, 0.077706, 0.32835}, {0.31144, 0.33466, 0.036129, 0.020666, 0.29711}, {0.36041, 0.24901, 6.0557e-07, 0.034581, 0.35599}, {0.26789, 0.22161, 0.03951, 0.18674, 0.28425}};
		
		mu = 0.0072;
		
		std = 0.3201;
		
		sigma = new double[] {0.8531, 1.0669, 2.1429, 1.2847, 1.1221};
		
	}
	
	public double modelOutput(double e1, double e5) {
		
		double activationSum = ruleActivation(1, e1, e5)
				+ ruleActivation(2, e1, e5)
				+ ruleActivation(3, e1, e5)
				+ ruleActivation(4, e1, e5)
				+ ruleActivation(5, e1, e5);
		
		double weightedOutput = ruleActivation(1, e1, e5)*rule(1, e1, e5) 
				+ ruleActivation(2, e1, e5)*rule(2, e1, e5) 
				+ ruleActivation(3, e1, e5)*rule(3, e1, e5) 
				+ ruleActivation(4, e1, e5)*rule(4, e1, e5)
				+ ruleActivation(5, e1, e5)*rule(5, e1, e5);
		
		return weightedOutput/activationSum;
	}
	
	//RULES
	//Pertenencia
	public double pertenencia(double a, double b, double x) {
		return Math.exp(-0.5*(a*(x - b))*(a*(x - b)));
	}
		
	//activation(rule, e1, e5)
	public double ruleActivation(int i, double e1, double e5) {
		//PERTENENCIA1
		double inputActivation1 = pertenencia(aValue(i,1),bValue(i,1),e1);
		//PERTENENCIA2
		double inputActivation2 = pertenencia(aValue(i,2),bValue(i,2),e5);
		//RULE ACTIVATION
		//System.out.println("A1 : " + inputActivation1 + ", A2 : " + inputActivation2);
		return inputActivation1*inputActivation2;
	}
	
	public double rule(int i, double e1, double e5) {
		return gValue(i,2)*e1 + gValue(i,3)*e5 + gValue(i,1); //Acá estaba la cola del diablo
	}
	
	//VALUE GETTERS
	public double aValue(int i, int j) {
		return a[i-1][j-1];
	}
	
	public double [][] getA() {
		return a;
	}
	
	public double bValue(int i, int j) {
		return b[i-1][j-1];
	}
	
	public double [][] getB() {
		return b;
	}
	
	public double gValue(int i, int j) {
		return g[i-1][j-1];
	}
	
	public double [][] getG() {
		return g;
	}
	
	public double hValue(int i, int j) {
		return h[i-1][j-1];
	}
	
	public double [][] getH() {
		return h;
	}
	
	public double PValue(int i, int j, int k) {
		return P[i-1][j-1][k-1];
	}
	
	public double [][][] getP() {
		return P;
	}
	
	public double getMu() {
		return mu;
	}
	
	public double getStd() {
		return std;
	}
	
	public double[] getSigma() {
		return sigma;
	}
	
}
